[lambda]
encode_oh_a = 0.22
decode_oh_a = 0.16

relu_a = 0.00165758
relu_b = 0.13902374
pool_a = 0.00417213
pool_b = -0.3581939
conv_a = 0.000066
conv_b = 0.703038
gemm_a = 0.0015
gemm_b = 2.58044859
bn_a = 0.00142082
bn_b = 0.27576228
add_a = 0.00260959
add_b = 0.09502701
lstm_lat = 955.15847

[knix]
encode_oh_a = 0.09
decode_oh_a = 0.06

relu_a = 0.0065
relu_b = -0.566
pool_a = 0.0079
pool_b = -0.083
conv_a = 0.000038
conv_b = -1.80
gemm_a = 0.0011
gemm_b = 2.157
bn_a = 0.0065
bn_b = -0.566
add_a = 0.0065
add_b = -0.566
lstm_lat = 955.15847

[google]
encode_oh_a = 0.34
decode_oh_a = 0.3

relu_a = 0.00229219
relu_b = -0.0696
pool_a = 0.004390
pool_b = -0.46888
conv_a = 0.000055
conv_b = -3.241
gemm_a = 0.0013
gemm_b = 3.0005
bn_a = 0.00142082
bn_b = 0.27576228
add_a = 0.00260959
add_b = 0.09502701
lstm_lat = 955.15847